100
4
10 5 15 5
2
100 100
8
81 81 81 81 81 81 81 0
6
23 90 40 0 100 9
2
0 0
10
100 0 100 0 100 0 100 0 100 0
10
100 100 100 100 100 100 100 100 100 0
5
64 48 41 76 18
6
92 20 93 34 26 18
7
72 22 18 98 34 57 88
8
62 87 8 66 68 87 33 42
9
45 32 3 1 69 84 62 62 85
10
99 6 18 17 40 42 99 93 87 79
10
88 77 97 72 52 48 64 9 81 18
10
62 26 52 86 88 80 21 98 70 16
10
79 34 38 82 49 57 38 96 22 66
10
51 73 10 10 78 93 83 12 29 23
10
64 92 30 66 49 29 62 31 14 57
10
99 34 48 36 69 80 94 63 94 10
10
20 84 6 67 39 83 38 72 87 82
10
19 93 54 59 83 8 17 89 9 33
10
47 42 69 12 36 39 1 98 39 25
10
14 91 25 46 72 15 73 18 20 69
10
71 77 95 61 48 7 29 71 3 95
10
25 13 76 21 99 42 51 52 36 46
10
61 49 68 70 1 62 50 45 37 44
10
18 85 91 69 52 29 45 20 35 95
10
75 97 49 79 82 19 3 42 93 5
10
51 48 68 79 36 25 86 84 47 30
10
87 15 32 73 41 83 95 43 95 62
10
7 12 88 66 64 30 17 30 11 62
10
20 97 49 83 45 33 79 34 61 53
10
30 22 76 87 45 2 13 39 72 6
10
28 92 61 23 83 76 46 97 69 90
10
49 16 89 18 79 40 29 17 27 86
10
91 88 15 55 44 0 79 21 73 14
10
92 14 5 65 19 23 24 40 65 38
10
86 2 13 58 7 76 70 16 58 57
10
8 99 93 20 66 28 19 41 10 96
10
54 57 44 57 33 97 13 16 30 17
10
12 44 26 7 56 88 64 8 19 9
10
78 5 18 46 43 34 21 30 0 60
10
6 52 18 48 62 25 80 23 60 30
10
58 80 90 59 84 82 42 23 38 48
10
42 4 4 40 97 33 95 99 52 57
10
38 23 35 17 58 60 2 26 78 81
10
30 22 95 38 48 93 37 52 0 9
10
94 21 20 41 9 30 72 5 66 49
10
51 46 40 64 15 9 1 80 69 90
10
96 15 29 61 30 47 56 87 7 83
10
83 48 21 56 6 38 26 41 28 33
10
9 70 53 4 35 68 96 25 27 17
10
21 89 79 33 22 1 14 82 68 94
10
18 92 49 83 60 72 83 11 84 53
10
98 92 69 27 20 56 79 43 6 45
10
4 44 15 13 23 4 3 52 15 74
10
86 23 90 3 20 7 54 89 91 84
10
18 44 43 98 5 50 15 5 44 3
10
87 88 34 10 44 82 71 47 37 69
10
12 69 23 28 91 37 63 21 29 30
10
97 84 33 48 29 2 84 61 22 20
10
82 54 53 86 43 63 29 3 1 43
10
77 45 28 43 18 59 66 19 64 90
10
1 84 30 77 30 85 55 22 12 48
10
98 76 20 53 22 30 87 58 39 40
10
97 99 27 24 58 42 71 90 50 55
10
80 45 80 69 16 68 76 89 70 13
10
33 56 4 33 92 98 66 66 85 17
10
69 99 82 69 4 96 0 58 99 24
10
72 70 76 7 93 94 66 54 45 25
10
57 38 49 83 3 60 58 19 91 30
10
37 78 9 61 72 92 73 39 30 27
10
55 53 79 22 86 50 55 58 18 73
10
96 19 23 30 16 35 17 37 23 87
10
24 5 57 10 83 2 59 72 56 77
10
43 55 30 73 97 63 80 94 44 92
10
15 70 48 87 64 52 27 82 73 18
10
98 85 76 18 12 3 32 23 31 9
10
7 77 15 71 54 67 62 87 3 97
10
13 49 98 16 4 26 44 43 86 20
10
2 59 77 8 17 37 17 31 66 37
10
70 19 61 68 34 31 12 67 50 49
10
7 94 84 57 42 6 90 89 96 81
10
99 88 90 59 42 63 25 91 36 1
10
2 92 91 0 68 99 94 31 64 43
10
79 95 46 91 93 70 56 5 31 39
10
18 91 84 14 67 61 73 62 75 6
10
43 82 12 43 5 21 43 56 0 33
10
41 5 40 37 49 47 43 95 12 50
10
83 90 21 63 81 28 25 58 27 51
10
92 5 26 49 79 77 92 90 97 95
10
88 28 79 16 6 84 67 43 79 36
10
93 36 26 77 33 40 78 88 16 99
10
77 47 9 94 37 52 76 44 13 90
10
65 54 41 31 53 26 23 94 67 7
10
37 16 9 50 17 62 55 96 37 15
10
14 44 24 4 92 50 21 37 8 23
10
72 65 49 82 31 67 73 89 15 23
10
78 99 7 7 46 67 71 80 43 19
10
12 49 8 75 46 89 70 92 60 0
