100
2 4
10 5
3 12
7 7 7
3 12
4 2 1
5 1000000000
25 25 25 25 25
2 2
1 1
5 5
1 1 1 1 1
5 448257424
1 2 3 4 5
5 915742169
18 7 21 11 25
5 49973120
1 1 1 1 1
5 934137796
21 21 21 21 21
5 756414493
21 21 21 21 21
5 579683663
6 6 6 6 6
5 208718582
23 23 23 23 23
5 68656532
5 5 5 5 5
5 468664104
24 24 24 24 24
5 329825988
18 18 18 18 18
5 670745789
14 14 14 14 14
5 215321599
13 13 13 13 13
5 787802945
17 17 17 17 17
5 294825113
8 8 8 8 8
5 998223744
5 5 5 5 5
5 991202063
9 9 9 9 9
5 385218370
23 23 23 23 23
5 97788620
17 17 17 17 17
5 284121696
23 23 23 23 23
5 250376160
12 12 12 12 12
5 493550401
13 13 13 13 13
5 654832046
17 17 17 17 17
5 608490584
22 22 22 22 22
5 34228442
9 9 9 9 9
5 597083777
14 14 14 14 14
5 542981567
13 13 13 13 13
5 968182102
22 22 22 22 22
5 345909584
1 2 3 4 5
5 466992916
1 2 3 4 5
5 411095354
1 2 3 4 5
5 223631089
1 2 3 4 5
5 581649984
1 2 3 4 5
5 159487040
1 2 3 4 5
5 149601749
1 2 3 4 5
5 219547975
1 2 3 4 5
5 115257745
1 2 3 4 5
5 480646571
1 2 3 4 5
5 614229061
1 2 3 4 5
5 833673715
1 2 3 4 5
5 869107809
1 2 3 4 5
5 225675859
1 2 3 4 5
5 489041095
1 2 3 4 5
5 186208045
1 2 3 4 5
5 948718414
1 2 3 4 5
5 787531735
1 2 3 4 5
5 627947263
1 2 3 4 5
5 498559854
1 2 3 4 5
5 54721614
1 2 3 4 5
5 436487485
1 2 3 4 5
5 493431940
1 2 3 4 5
5 494191343
1 2 3 4 5
5 138389761
1 2 3 4 5
5 827956128
5 4 5 7 6
5 8568987
21 23 17 16 6
5 135542950
14 9 1 13 1
5 606527328
23 10 7 12 24
5 282645671
3 19 9 19 20
5 489612155
15 25 3 16 17
5 844180390
19 19 11 20 3
5 538795446
14 23 10 15 4
5 302539845
25 11 14 24 24
5 480136246
15 19 2 18 13
5 542113321
12 3 20 17 3
5 978415671
3 17 20 14 7
5 949281202
18 22 22 19 12
5 17087319
7 23 25 7 7
5 720816572
7 24 13 2 10
5 370360350
19 6 13 11 18
5 382013685
4 3 17 15 12
5 811071378
20 10 21 2 21
5 926382238
25 7 4 15 19
5 388289016
7 12 24 21 23
5 905629748
8 16 4 11 23
5 20976889
9 20 11 25 2
5 127701652
20 12 19 3 10
5 604664175
15 11 25 13 20
5 921356667
11 24 22 17 13
5 659884081
5 19 10 1 21
5 57149197
20 16 13 8 4
5 859757330
17 18 12 15 4
5 351850224
15 11 25 25 24
5 444555299
17 3 8 10 23
5 110613056
18 22 10 14 8
5 619357190
17 3 24 22 13
5 97064801
16 11 16 4 17
5 263143384
15 13 3 8 8
5 388479806
17 10 7 13 22
5 715078581
1 20 16 7 4
5 602807314
23 8 13 2 1
5 412787399
23 3 11 12 19
5 256564617
22 10 10 13 4
5 468210407
17 8 17 7 14
5 987740557
1 11 8 12 4
5 343263411
23 10 1 22 23
