100
5
0 0
10 0
10 10
0 10
5 5
1
202847 736318
15
876704 -988420
84220 -981176
798133 800393
-483513 285453
659367 539950
-371996 360556
133475 92789
-860768 -879618
-161102 864453
-783674 -340049
-869510 -831179
821582 672684
-332837 -17811
-196361 360995
-722064 466305
5
3838 110936
-386342 -149320
494928 440144
-153904 -444507
805318 -627199
1
735114 -383711
11
-882681 -1000000
981336 -1000000
-1602 -1000000
-358373 -1000000
295781 -1000000
-552376 -1000000
635313 -1000000
709933 -1000000
402673 -1000000
-209660 -1000000
-750399 -1000000
15
865984 70627
76368 445804
-403187 543763
-375970 -559694
-350329 619516
581577 963633
533476 346111
-943109 685153
654620 -279635
479645 -278609
-830286 554263
213845 -533902
630832 -259090
-605609 932697
48733 114549
13
-213290 929072
611059 581160
1354 -694949
-162218 -443120
102311 -395375
-408848 736675
-772141 143011
549554 481011
110418 585836
-52548 740723
454129 -233916
375685 -743337
968054 128912
14
342934 1000000
-616963 1000000
109113 1000000
864461 1000000
517486 1000000
-563297 1000000
865394 1000000
907308 1000000
173010 1000000
-876530 1000000
155406 1000000
737369 1000000
-321240 1000000
802340 1000000
11
-659042 582396
-918050 582396
-649892 582396
-10223 582396
159969 582396
-516202 582396
851422 582396
365336 582396
262642 582396
930519 582396
546176 582396
15
292395 199664
-779746 951346
-568327 965869
-456448 -234721
938402 177310
544386 -492175
593532 208044
-628641 -927534
-636840 913364
-646939 -594219
-975750 -439803
900789 174409
-230301 779885
507886 -978804
-513876 259349
5
-484151 -344966
-173496 -486108
-741598 -486108
126254 -486108
917620 352945
7
956189 -772741
43721 734402
824822 265500
-268921 -745670
-257531 647237
-476085 -199139
276008 -998054
15
-957226 789687
171103 -390273
-711763 -931474
928449 -375118
-163147 505369
696828 360392
204996 755298
-904502 502138
-480857 -225391
-922229 -438454
-710158 -534363
-860786 -294588
-423079 329313
-982837 -296382
-821883 -920749
15
603195 921968
913202 595850
201775 -566089
690766 345791
273658 -850701
298942 -118619
-365829 879108
129215 -285119
20978 -551309
778919 -259527
-934905 860452
91182 314475
-766774 132636
-427214 -78333
-168781 244419
12
579605 -953716
-693122 -179357
262473 442085
258381 908120
-931830 -718136
-78279 -325352
-667952 -200922
379443 159044
-749928 50197
89530 -963400
-78251 -807930
-609949 -240060
6
-466110 719700
697881 923647
-729750 663454
-825131 456114
530586 418120
878674 247492
1
-987160 -537527
13
-293848 -929206
463741 773051
-670135 109016
-7245 -501136
-235629 524760
21979 131752
715089 -745968
-609847 154859
-907914 274208
267832 -999759
942446 583788
-196164 34767
364311 -157063
5
-315628 -1000000
-69011 -1000000
543171 -1000000
117135 -1000000
761980 -1000000
3
-18537 12358
975093 -650062
829584 -553056
5
-824569 210333
514209 -433450
-326081 654987
696136 -250061
-322730 -807005
13
694576 -912405
-918242 172934
1000000 297808
547324 902344
1000000 942048
1000000 323448
66400 605312
954634 838829
1000000 835031
1000000 18781
1000000 7270
-689445 -83794
1000000 -896935
10
-348521 244866
-177523 244866
818532 -894349
166764 172405
358650 244866
62922 244866
-264373 244866
-624696 244866
-433161 244866
241225 -629348
15
181833 -725680
-140515 -532320
488421 -440258
694519 -462884
-822133 969556
-107199 189678
974913 -372554
547639 574918
131144 -824392
-822286 896683
339003 108025
540574 245781
886210 724477
-837827 665865
-935674 235161
7
713089 -145314
-902670 361068
650345 747981
435311 378037
-559775 223910
-658232 738053
280705 -112282
13
-429935 1000000
283642 389286
203143 77045
-421000 1000000
390357 307584
-364148 1000000
-702175 1000000
-298659 76144
-546341 289232
394510 1000000
834171 648454
-630308 -771488
374824 1000000
1
-714359 353827
9
620267 845717
93756 596763
241733 -230368
-270363 536445
907641 760754
41098 -118969
198384 755369
400629 -159306
739567 321967
11
220267 657303
-705315 333498
378704 757408
-175784 -351568
-166746 -333492
-691415 -891066
-955681 -79408
-228528 160614
-761201 -119223
-637780 939964
355578 779630
10
252884 525561
-165861 -966180
-736360 -247490
-992196 -96185
47504 -773493
940999 619007
-20217 -715099
774398 -508654
363297 772381
-208486 133353
8
832769 -238913
-791537 -950604
439642 -222495
-246459 -50111
-670994 -196144
937140 30487
-29799 -194376
-435276 743395
13
-296213 755699
625212 755699
-780200 -63750
808531 -254131
-659055 -163326
748649 574276
-49270 -384318
-353237 755699
-479683 -497450
144194 308338
-438384 755699
643250 -491238
-237230 755699
13
883320 88332
519190 51919
446100 44610
-396110 -39611
236120 23612
-197830 -19783
-655130 -65513
38670 3867
112450 11245
471170 47117
187840 18784
-321140 -32114
721810 72181
15
989143 -428889
60535 -869658
-538963 775561
-376497 -493086
38837 -810140
-228856 718243
-705966 161870
273123 544902
527044 -409429
23152 102822
354804 182658
-730407 -90284
-446055 558930
657674 -962536
-957776 -67044
9
-336495 -245882
666001 -270447
-344553 79862
8979 95720
325075 -226324
-344553 -326111
355594 483139
-344553 364324
407555 -278812
15
131234 681871
511579 278049
309228 546123
289497 854082
857150 575245
488253 960699
121717 283454
-954509 555519
334252 724585
470921 -812005
-694236 525035
-859377 -629912
430110 -939311
100859 -702002
-189786 185610
1
-583232 364520
15
-514548 -338060
-155280 354790
-388915 -160966
-46402 -922176
-949547 -516534
-280704 -293438
-104511 -352278
371903 349599
-947774 -832301
-959487 -233321
725225 -601644
675457 -251711
-521916 -514111
625434 -435953
-555079 -156610
9
617369 -132748
-688740 -79187
-170126 -850456
555806 967606
-332476 -546274
-454268 -109258
-441828 206859
789400 615069
-103003 792796
15
164790 885916
449055 -50998
-327301 -224857
503228 -475236
-320317 -451351
921034 407013
365078 636863
-392544 -44813
309195 -989176
-867421 -420282
-405079 -641190
129702 -318417
462395 -281480
-869638 -900313
-70491 -214882
4
-619036 -495824
292454 968898
861319 745236
491671 -441489
6
923257 -715983
421768 158163
-928608 -348228
-96760 -36285
-607064 -227649
854176 -14877
5
839320 -839320
297704 -297704
-596697 712253
435884 -435884
-210299 302241
15
372206 862599
-281973 718421
541108 988128
-80030 117104
963694 69177
304298 -992058
386821 831771
350193 687550
747572 -539277
695233 -946322
899700 365831
-935046 -325795
15351 745576
-187739 -493388
-427376 556616
15
-371923 688320
130289 -39524
-322608 -385182
-209687 275605
-49401 779260
746981 857235
67884 441121
-778736 -471146
974715 -841134
332225 405933
147895 857276
-258478 -805913
317787 -317662
-381664 663682
-314611 -588621
15
291666 456418
218488 -399884
-36763 589764
-224748 919969
-169289 386801
880038 -636658
-202115 659244
600177 424829
34660 -739300
-418921 422271
-326187 363791
956396 -194913
257850 -479974
-272170 587550
415546 -260720
10
-238653 -835591
213016 973747
-249230 740569
457489 884469
-961501 -126271
-848513 88093
-52272 973747
-132253 -710743
-547134 -198233
-402016 533877
12
-629802 478293
-473240 478293
-480222 478293
-737745 478293
806459 478293
-718562 478293
198334 478293
-400672 478293
152323 478293
577836 478293
-361749 478293
-82413 478293
15
936402 -127707
-694000 455684
281591 -899122
69176 982506
-166949 -249823
797965 194949
436486 -611853
78436 928292
200313 364652
660129 998765
679737 460860
-644613 27545
339432 -587223
583382 -801015
-689465 -64453
2
749986 -1000000
-419070 -1000000
11
-351016 -702032
-450764 -901528
174532 349064
-408892 -817784
463280 926560
194900 389800
174212 348424
-442452 -884904
-443008 -886016
264248 528496
180024 360048
15
-106843 -730227
214278 857706
311943 870205
875544 -176145
-408256 982513
-105741 904690
599613 953722
-579644 -295506
-785231 -216864
-272268 -161834
857222 218558
688029 148525
-518260 -70301
-94644 117268
200289 -821069
13
-823245 629472
-764406 -50993
627806 21990
457914 -124942
-209819 -182880
-741214 -665113
335893 -674601
-89880 468845
-964364 845411
183372 771252
-614050 -159676
-385247 388029
-413957 -440150
8
451390 -204306
376240 -376240
-922406 952601
-280004 280004
19510 826124
-757508 757508
-107976 107976
721332 -721332
15
-358759 511013
-960380 -190794
-626001 -193013
91106 352927
-836264 -713756
-874354 -931036
213121 -69870
581806 -566755
-941536 281348
969551 -72223
407945 -103070
-40582 951945
-432796 394874
-116713 -63420
247270 -604041
8
55002 -858841
-591271 917740
-560117 -885750
731031 66
581695 15390
-80913 -85715
138145 -63312
875117 275951
12
850731 -760797
850731 33135
850731 -403049
850731 195194
850731 -260666
850731 877294
850731 909159
850731 -620590
850731 328781
850731 51942
850731 592572
850731 -884953
11
1000000 -241817
1000000 261860
1000000 -800684
1000000 936588
1000000 422829
1000000 -103242
1000000 96417
1000000 93583
1000000 -31707
1000000 -830997
1000000 983398
15
-210981 909506
480238 -339080
204637 730159
466217 639904
911330 -406803
-132833 874027
-864459 707900
-125400 -455483
-601159 -543194
-325007 -260323
378174 -793868
817285 -236208
-715338 605223
545540 433603
-497885 421309
15
-903269 -536277
614267 573005
99210 -983719
819846 -211045
26884 904264
-918735 148991
666802 993439
-78152 -417900
120929 299362
-871499 -728000
-583530 -946415
-655852 -720950
635378 -615474
739125 -509004
326984 -95369
4
598631 598631
896582 896582
450318 450318
-15672 -15672
14
-308312 1000000
-242584 1000000
297668 1000000
-612481 1000000
-816095 1000000
252938 1000000
-988807 1000000
-896225 1000000
790793 1000000
-191889 1000000
14415 1000000
-823363 1000000
-336913 1000000
889852 1000000
15
295606 642835
-837033 935949
-952261 -276846
934532 -456732
817351 -723233
250874 -91364
215212 988981
-43126 -78656
540031 141399
107756 -38207
-399210 317241
419496 -611077
-762635 458212
-240810 768064
532049 -926046
6
112440 -888013
622512 142717
-398153 240605
1000000 999898
-846421 -844676
-83454 127238
2
652155 871020
-626791 519557
11
-553456 486828
101550 614058
906227 -208439
-195320 862389
967132 24281
889235 -315845
-180479 34709
635950 226713
-41334 773939
257595 -726296
-641787 -24025
15
155340 -940983
-339046 -796793
521320 -264443
407642 402033
-724429 686356
899368 809881
217562 -782691
-949089 91654
-725036 -846355
44236 58362
-198748 -184612
-88933 260346
-385170 288332
625575 131819
870106 -971354
12
989069 451276
250260 -166840
-887315 717423
322221 -108554
766607 -10898
-80754 53836
611178 -407452
956552 414862
619359 -353450
-217746 145164
45640 439500
87162 -58108
15
-18631 -9289
787277 -780675
567279 -556835
824608 100300
-770934 -189162
-597105 -457071
281825 552819
-144350 -317877
521132 -118706
928504 -312029
244147 102635
-179844 -203337
-488019 -629741
-285200 -641770
405924 -210388
11
-951688 -329354
-344235 72302
649950 226424
580385 -957642
-205252 898351
-34197 -141697
-165787 -98018
951840 240026
-433463 -460828
-847186 228326
-219923 219620
7
839564 352851
-950361 686985
585790 743156
610711 566787
628016 103200
21160 -4232
672977 -91946
15
991756 -676896
-652079 -919779
686211 531764
457579 -664959
-76458 -219187
168377 453110
90425 -820
-111610 217979
-737976 911842
117384 -992568
480694 614878
385869 -84095
599789 -43651
552060 -63202
-5862 -25215
15
-350518 -1000000
542823 -1000000
852494 -1000000
-318004 -1000000
-825515 -1000000
-478989 -1000000
390467 -1000000
-142632 -1000000
922177 -1000000
199769 -1000000
693597 -1000000
-579228 -1000000
623020 -1000000
-984836 -1000000
-20984 -1000000
5
663989 362066
-200406 362066
-491465 362066
649999 362066
-845961 362066
14
84811 469543
-967154 -14404
899745 490188
93056 -132809
734129 -545032
937256 415769
-176849 533307
-111994 941348
-143785 -37068
844365 770200
937776 -260247
-216542 -547690
-755829 711694
330685 -890779
1
1000000 298510
7
-667810 1000000
424 -171310
-990191 1000000
871845 -37929
489329 1000000
134652 1000000
-202494 1000000
6
-80502 753055
625127 612041
-907994 -1000000
-212578 456262
-956397 575777
-117770 -448966
5
-309684 -980831
334942 669122
-570335 608011
-10423 344991
-518483 985446
8
297070 -148535
340530 -170265
-189880 94940
-72530 36265
-817290 408645
-645300 322650
468010 -234005
818510 -409255
15
-480712 55262
464524 -927309
-408568 444593
136963 709973
222600 -380673
-81147 -433563
3456 527920
-680326 998403
-333064 920391
283994 682903
785049 759912
-328633 277971
-55570 196058
-680158 -410558
555448 215367
9
-892067 -292131
-176732 214591
588383 928558
273678 410517
-164984 852102
-415523 -557028
-148116 -222174
-504999 274328
-153228 -229842
12
-540407 211859
-540407 861167
-540407 -294656
-540407 -736562
-540407 223130
-540407 546081
-540407 698609
-540407 276668
-540407 331351
-540407 -971238
-540407 -859111
-540407 179558
9
-75650 132264
197422 -144494
-138923 -531472
-720843 847591
-67624 134683
524875 -645061
-44667 -496452
-200710 -856134
159598 -331014
9
-982623 166931
-843092 -529377
-540566 779173
-987568 621350
596106 805620
-845211 -305756
-715645 470095
713677 -30637
-423855 -101342
1
174420 348840
2
115935 642171
998060 642171
4
-840902 914177
303899 333926
-421928 -1000000
821416 -120563
6
606300 -949889
-21157 -949889
-326471 -949889
-672432 -949889
-643535 -949889
-661385 -460204
9
-611712 886177
162203 886177
114567 886177
542982 886177
133027 886177
839143 886177
836004 886177
285222 886177
339162 886177
15
-409384 109255
-364491 910070
847179 -332642
-268729 980160
-114895 413493
834194 719619
-30230 859459
156773 354609
541382 941125
-794156 688597
-76736 -603699
-712091 -2862
-42366 132037
-575041 751105
467915 -573862
12
666365 -1000000
-56595 26212
-907781 -700792
274481 547945
-421810 -1000000
116670 -274619
182923 -245263
387847 -1000000
-270323 -76732
343915 -372784
-800235 -1000000
-101952 -1000000
4
-449084 -496232
115595 69357
-8738 -606987
444109 265127
15
-501094 704693
224658 965207
483726 450937
-53311 -827049
833191 896972
-21942 17014
213914 -373946
736000 -879218
780520 -389085
846314 524274
194875 354456
19593 -306796
-163823 113759
237116 84629
875462 -920065
9
610171 20544
-757838 -483188
-937150 717668
456865 -816410
-309781 558800
276724 158148
489865 -767745
833461 714439
-607681 -301499
9
-331174 -1000000
345887 -1000000
-904846 -568388
-422092 -1000000
-742718 574923
-970900 -1000000
-229934 -1000000
-32573 -1000000
-146829 -1000000
7
-408429 -475325
-388492 -824151
-435169 -522092
549954 -272708
-137969 -272708
-721341 -272708
-782932 -272708
11
215509 207785
726335 207785
434827 207785
134839 207785
-742420 207785
-151091 207785
431048 207785
15935 207785
-263460 207785
683244 207785
-976486 207785
7
942069 -628046
-885621 590414
929046 -619364
653073 -435382
606084 -404056
-696873 464582
466515 -311010
