100
5
0 0
10 0
10 10
0 10
5 5
13
-97544 523244
854014 -590373
-307934 -530441
-71169 -268412
752400 678225
-421654 549933
219158 -182627
424257 475421
-649269 164782
-333244 811066
842220 195886
-167563 757549
244063 629976
13
-655191 218397
464121 -154707
555147 -185049
-630405 210135
951345 -317115
-154251 51417
134019 -44673
-478665 159555
234126 -78042
-371106 123702
-598581 199527
-908154 302718
-916884 305628
15
-80800 -184888
279332 -197515
892817 963321
-128943 -939577
572826 857777
602761 623581
-106337 860783
-114095 -666893
-947357 280261
-813806 486953
-172894 -587613
-47604 -360386
-570418 -727507
274589 660281
431397 214973
3
-256720 -207557
1000000 -469467
1000000 603252
15
-463362 316935
-396375 -944923
972462 -560322
-981522 -603293
-453958 265405
-163937 -531942
474278 327886
22353 -26981
271459 607827
-681961 494228
322138 873902
-436324 -824369
374825 854251
49146 -671647
-269228 -795414
7
-54228 449589
71562 449589
317472 449589
-721466 449589
-774691 449589
-399703 449589
852141 449589
15
203270 163759
-823294 692783
363752 428091
299247 -363362
512609 444236
-678619 -255977
378659 708401
582908 -246078
817340 -649330
966628 -103293
603704 679994
593144 -576618
972871 493330
-925077 -18537
-76302 -445787
5
-311086 59510
608621 -967563
906874 59510
-673888 59510
-79663 59510
7
1000000 584423
1000000 -368863
1000000 -655370
1000000 -527839
1000000 -508625
1000000 -428863
1000000 -296800
4
474656 355992
820496 615372
802904 602178
768260 576195
15
-473588 497027
247161 958705
406143 -901280
-911101 107394
802603 -73112
-285226 -48021
892512 637944
611102 -267546
837458 404731
-512654 -767007
-572146 -961905
-681304 -502167
-793233 158518
-150424 -243291
227234 -903404
12
-839567 232446
59802 -787175
-567230 678413
352478 468024
-206456 -283912
779074 -249086
151222 -248608
-129977 -897788
117596 -251366
249472 43059
26870 278078
-679704 -681176
6
-135910 -586621
-139608 -586621
289513 -586621
650837 -586621
-866959 -586621
728100 -586621
7
36313 367942
916754 -81044
-751719 430304
818278 219409
973722 460889
509138 -923673
-622676 -1000000
9
-795595 -921278
-28535 -857054
988360 -268619
153665 -677671
660373 -416364
433695 -227431
129776 -227431
-794518 -674986
563761 -709407
13
-589841 1000000
342066 1000000
402177 1000000
-355802 1000000
-935063 1000000
-859313 1000000
-407834 1000000
622967 1000000
18389 1000000
-242516 1000000
599162 1000000
874106 1000000
-936257 1000000
8
-866645 173329
17644 708106
-799065 776801
84347 743928
688055 -137611
268542 700890
592995 -118599
520985 -104197
15
641350 435990
11628 -224018
-307386 365287
-247728 -95407
-358156 -563812
506226 276336
185435 -290458
-335063 -923426
594333 688731
-716624 271065
992324 884726
329321 182807
100774 307638
-919972 -896206
-708787 479860
12
-141261 292613
-872461 732692
-123950 -572973
-151670 -496503
996665 -881587
-405232 226750
-768724 -606063
-688146 -537843
-147388 754367
212086 218136
-832454 -44306
697788 -528023
5
-581003 -203656
-751003 986915
859338 507034
873116 486318
-277185 190757
15
597625 -275787
620170 -503850
-896062 431440
-727549 959943
162665 846053
692954 479170
-491278 586367
299103 -154571
793765 435276
673563 -793004
-271450 148821
653837 673411
402352 527494
875330 781956
921628 402284
9
-721011 -67133
810012 583010
-327103 363629
913167 714552
-51438 628803
342237 479719
232509 -83018
-626198 733199
253707 681476
15
31450 -921727
-892758 811248
-370132 166200
-520162 -329839
984894 814527
749076 -42505
-477990 85644
-808137 -726877
682478 -931354
-116495 -803529
-506127 400058
-97154 428329
603317 -204640
16934 -641567
-691458 -458526
15
-714352 202267
569415 798861
-700875 -876399
31616 563005
708454 -422169
-784597 -372595
-16604 -478965
648001 -371057
632059 -536893
-226174 836974
-939135 489635
-569744 -730938
112541 -520648
-830174 488330
470665 -222580
11
-691806 -705657
-764948 -1000000
-654448 -734548
149290 -238792
-773415 -1000000
866310 -1000000
982980 -750220
-797842 -1000000
92995 -1000000
-427015 -1000000
-127408 -693893
11
137414 -879950
-800621 -521774
-829201 366104
-750947 575199
-55770 229749
-815174 -967104
314053 -512891
985810 -537806
544499 -700217
869633 941540
353437 933375
11
-928853 -962933
-578827 -442616
307117 936535
-287215 -362795
606254 -67578
-715583 -216922
-803214 -584089
214536 792984
-617683 84019
358201 61300
745557 -912637
11
-233678 309220
382360 955900
-395564 613173
-322309 86363
329554 937575
-779771 -200010
-486353 297777
-197760 -494400
-573236 -508930
252668 631670
274532 780492
8
-198501 -421951
207828 -27882
-536799 -513903
991511 176207
441140 48499
434181 -370767
-695505 -786942
-807675 -745484
15
-439866 217367
-41669 89324
421998 -10297
-220101 -80960
451925 -69008
351663 350988
664054 -593339
-20196 98298
-975890 371716
-465240 853759
-433066 -495858
67916 272473
193574 -868532
160853 -484020
-251425 560536
6
-263927 -293903
818497 551262
981260 358673
644955 -184036
-37529 617902
897412 -361309
15
858285 56105
810712 -51634
189737 965926
31214 988337
-310922 -533711
491954 -326747
458596 -601473
-264847 455603
60826 33449
420679 -707467
-772307 534980
920035 -118437
624939 852599
602394 158436
-49344 481018
7
-301328 666391
-306401 -737589
-947627 749196
-470688 466601
-812471 -240747
-206801 -344750
-234500 -641701
3
796003 806424
-77956 38978
934208 742004
4
692905 608904
211499 817512
710105 457766
-89329 -285571
6
699888 -524916
-853688 640266
252896 -189672
-569196 426897
-583132 437349
-772304 579228
9
394628 887913
122512 275652
-435068 -978903
-260012 -585027
8268 18603
238900 537525
67408 151668
-95936 -215856
238036 535581
7
-309947 -1000000
784682 -1000000
680140 -1000000
83524 -1000000
-272 -1000000
333504 -1000000
274586 -1000000
7
885856 -442928
905109 188432
-962765 913175
-691616 363680
-513795 978476
-367536 183768
-898296 449148
8
-260626 741588
-260626 -805781
-260626 380194
-260626 278598
-260626 -568340
-260626 84369
-260626 -286071
-260626 -994777
8
-512448 479007
-820139 -333636
-752605 82615
220905 -286979
384728 691452
-820139 -171862
-610485 -253107
-820139 111468
15
714160 -99825
187549 211981
-847501 -87491
-585701 580281
-293127 216708
85616 866563
-156657 -483583
549818 847092
21543 313176
342587 431335
-425021 -465558
729738 986686
341099 91145
89788 -191381
-770626 -848072
15
-260787 -482763
-422396 -311920
-308836 -131842
-502942 -100804
-227015 897465
147401 -164970
493215 297416
-730904 673893
-870592 -881196
285983 660662
-810666 8023
-432873 -207765
321210 -167492
406007 335500
-695604 89205
7
594725 116821
595490 673641
551576 948706
-535663 919509
-827128 775615
69747 550648
629225 232634
15
-966850 -598886
-430605 256161
711181 348428
328341 -951738
591413 134634
-509796 37023
-913639 -287057
382175 437602
844597 -417592
-190372 925563
93062 266786
645351 923444
980798 539527
-390658 215207
262366 450061
9
-425439 -425439
844773 844773
-376353 -376353
819486 819486
-749490 -749490
568341 -614206
912378 912378
736237 689987
-9513 -9513
11
230275 1000000
-81063 -532182
-52460 1000000
-382737 993621
196611 1000000
-202030 433704
-863918 1000000
-485610 1000000
332927 1000000
704509 146843
-58564 -496768
4
688440 -68844
-618672 673329
-37982 5133
-134030 13403
15
13790 403634
755334 -961849
545916 840739
-740594 396616
-357770 983067
910909 9079
-255075 -64350
851436 -303763
604501 251776
862375 -655651
639476 -836780
-777885 895637
-764184 944850
-520894 439143
-743867 697832
15
214312 698905
-903839 -339517
108189 61923
-912021 -464282
-58455 -203118
109643 713116
-807050 539435
658044 -499588
546363 -267521
-9876 -328770
297874 691452
-209165 659940
9968 552252
-992294 -722864
477179 -178815
5
703648 -145815
-139033 193838
62954 -145815
-712716 -145815
-906174 584043
7
-605374 617695
-5546 953301
161963 -787649
-692542 -528646
-462890 575955
-381775 302005
-902453 300617
15
203706 -845436
451391 342121
-256127 -601003
-918930 -385894
608421 434573
349980 -146326
268083 813394
252914 -697083
472426 -308354
318882 -512522
727910 -941293
-425274 -364269
201067 659223
-496053 -473889
-699728 556623
5
68975 -105699
563426 518066
137164 -77542
-655398 -536150
6151 744616
8
628806 508936
-679221 89398
1000000 -696330
971644 -161437
340664 -839991
-482577 -879191
1000000 536128
544783 293511
15
685607 -740407
-163199 784210
367845 -344333
542195 -87349
-14007 358755
-222995 590803
500432 -537032
-692613 -41930
-255445 145553
51868 -687771
136819 -601123
247415 -716598
-517724 751643
-510364 -158466
-729464 920038
15
-894735 626558
916755 137066
-409696 616142
31335 39152
402765 28882
811073 -594198
231835 404595
-771463 -106908
-579795 -37405
489990 -311890
990401 231244
-731043 -554913
471687 -772200
-102534 350896
-927464 866203
5
-976112 -333943
113255 174746
214930 -565947
383975 693372
-946200 603556
7
-81442 661527
-851189 -714637
499205 614133
563357 63461
-504290 -839469
492801 99637
712743 -188282
10
-563107 427497
-469454 -930460
303879 424984
87879 200504
-992216 -158205
734329 703922
421264 -419204
409770 845619
784032 490843
550254 -114492
7
-860210 -860210
93030 93030
-913180 -913180
486315 486315
-109285 -109285
439645 439645
-605350 -605350
10
-933442 -615976
-638632 358251
-122830 -491320
80151 897220
-78292 -313168
-620514 502439
-187687 279236
-183074 -732296
193960 775840
-133900 -535600
9
406800 -203400
-76160 38080
-147792 73896
341640 -170820
-306216 153108
771656 -385828
-622504 311252
664048 -332024
469944 -234972
1
1000000 907549
15
-427060 675488
649220 -607765
-647791 756554
584628 -586364
-790683 645854
-310629 -400478
375260 -342401
278142 842093
-826503 854977
-482880 38571
919369 -371255
54391 -738469
776613 801066
-448324 199878
-120381 468739
9
-29074 -61054
-787045 -972237
821276 278751
968808 590774
-334275 -740333
493966 119409
-898334 -32127
78213 925940
-106992 100815
12
685505 -274310
-50834 882391
251436 136611
607945 -32555
345711 -544066
432569 301011
911511 -758748
641199 212866
536246 -357946
480331 207497
585951 151041
585401 -571067
12
-771986 1000000
438776 1000000
501056 1000000
-941678 1000000
956116 1000000
-111092 1000000
-375010 1000000
-630926 1000000
560214 1000000
215701 1000000
470733 1000000
11179 1000000
15
-676060 -128489
662457 -16421
214886 -771257
-710227 807582
-221041 547209
83299 -461520
940027 572954
298151 -667431
930830 -561959
273470 -10741
728365 188956
-337057 866128
400075 -879741
339901 -704565
177199 -899866
15
-96077 -677159
64705 -547786
280630 41284
-537619 -981096
-502710 606252
130501 -697450
335411 948592
267444 -533735
295835 636671
99914 354554
-326967 110019
-203126 -918433
956014 412598
-550815 900930
819269 611730
7
-318172 977400
400330 431502
-565663 432457
-637056 -565108
215232 -489337
-177229 -780115
-637056 766967
12
989069 451276
250260 -166840
-887315 717423
322221 -108554
766607 -10898
-80754 53836
611178 -407452
956552 414862
619359 -353450
-217746 145164
45640 439500
87162 -58108
5
927777 -1000000
-564522 -1000000
-197015 -1000000
-258091 -1000000
-800168 -1000000
10
906856 453428
688008 344004
964280 482140
587632 293816
992624 496312
-378640 -189320
-979696 -489848
-523832 -261916
928504 464252
-864232 -432116
1
-858282 800717
15
318911 -459370
375154 -890346
148348 331233
155561 -732147
-518361 -430065
313759 836639
162743 167595
-380066 894577
294859 -969876
728117 929902
500216 591430
-251127 47640
475486 244248
771142 924612
925036 -316832
9
-919705 -961365
-985312 264057
235537 -151414
-176162 695595
-876355 -251188
401539 765628
-4356 -809119
-645669 861600
-700940 261335
3
-77742 11106
650916 -92988
692370 -98910
14
-487521 311068
-714786 888387
-456603 596022
-757778 935229
312858 -935724
-410185 -489881
820971 865137
921009 -604307
704439 -364983
-85757 -671211
192217 986739
607253 942371
883343 686632
958343 69061
13
144388 -1000000
-315128 -1000000
985516 -144455
-567935 -1000000
-552868 -640043
661998 501856
41513 -1000000
78645 -249734
402855 -1000000
-872981 -603850
907508 693869
314731 -143776
-915807 -1000000
1
-841744 -576864
4
993401 349770
983557 -997885
-402947 418471
-206192 266571
15
741902 -298780
-595812 -33339
-523989 81905
367561 68195
-478243 208367
-918229 -344962
816540 -190499
788522 -154385
269957 -93626
-501070 151045
-25010 717148
372956 -366747
-632577 -185728
263100 -253064
-701555 -548824
13
-302052 1000000
-196357 590941
791919 1000000
-771479 1000000
-251746 1000000
-461321 -419252
575079 -510810
-948906 533050
850313 1000000
-696177 -50527
226389 247548
-564359 1000000
-397396 23291
11
-694056 -1000000
252052 -1000000
-434427 -1000000
-757912 -1000000
-517249 -1000000
-270260 -1000000
-885904 -1000000
-584373 -1000000
-492533 -1000000
-737146 -1000000
-516495 -1000000
7
678229 58626
-324394 -229552
-739112 -810738
434212 58626
-870600 -829391
609337 -604200
515766 -303280
2
146926 399620
89162 399620
12
-92276 -759166
122450 918628
115281 -759166
-128428 -759166
-786862 -759166
77497 -272735
-6853 -229093
-806205 -759166
-125656 -759166
848672 187745
-620038 575615
-284702 -759166
1
495982 478061
5
-330496 -279851
523874 -793209
252505 -208536
396886 258470
-356696 910445
5
-581118 -1000000
601373 102799
171690 -1000000
654714 -1000000
-725041 -591410
7
-727023 -174181
501992 -325331
-515808 -839610
496157 297004
269288 836956
443160 836956
613287 243523
14
-983307 -144913
132998 -707242
443137 -767432
-132324 -693129
397705 -587028
229171 691268
-30275 737125
-330688 167400
196469 -376440
864695 -22315
-937126 -539842
-737055 59411
-523853 -281023
722471 -766709
7
-262606 253944
514409 253944
662990 253944
209726 253944
-146803 253944
-125263 253944
782696 253944
11
-629581 161021
298404 161021
772434 161021
849944 161021
-397138 161021
772356 161021
-613812 161021
-970739 161021
-116658 161021
-584608 161021
37529 161021
15
63305 30496
923090 -586022
823250 -66688
865261 -180337
-428907 574168
155084 42206
-611235 769167
734910 667927
-754183 -342626
469497 783992
-389819 -575002
453531 357325
236474 -882120
-13134 -217925
203724 -526442
1
864237 -1000000
15
262550 38524
584782 170273
128123 324433
-170387 -240134
-100038 421376
638433 443716
522611 -637068
691850 35665
917414 -843333
-145059 754279
-946577 -93018
473281 -208780
-669208 482817
485831 -636227
460300 -579351
5
-58058 -8294
-106513 -294481
-305604 -48907
-702243 -259872
331553 -639341
