100
5
0 0
10 0
10 10
0 10
5 5
5
-253728 45254
-60430 -854248
720960 -945113
-57422 247194
679863 32587
6
-180118 542522
-943988 -892728
129403 -262696
360200 335684
628812 759772
515417 623225
6
330210 367754
-301428 -456309
549644 27158
728342 869595
-158655 166290
18280 -491785
9
552660 599642
1000000 368703
-13594 -309261
1000000 -427028
-344833 -848035
-550629 930184
778116 501059
770905 276222
-462032 692410
8
-834012 -565323
64916 -302057
-320008 6985
940921 -496931
432510 -311259
517092 -551277
825218 -471764
-483453 -940503
2
-456714 1000000
-561656 1000000
12
989069 451276
250260 -166840
-887315 717423
322221 -108554
766607 -10898
-80754 53836
611178 -407452
956552 414862
619359 -353450
-217746 145164
45640 439500
87162 -58108
5
943749 -524305
870057 -483365
-655137 363965
-477360 265200
201465 -111925
1
382555 -291458
10
-116974 -1000000
-104369 -1000000
-908357 474338
-45367 -1000000
-953748 -1000000
593858 472186
886971 -1000000
387502 -1000000
-286368 -1000000
833445 -830322
2
-232060 -46412
-662375 -132475
3
653212 113763
365694 -969052
430934 529080
8
1000000 -466221
1000000 -783977
1000000 535782
1000000 351542
1000000 580744
1000000 386359
1000000 899635
1000000 861947
15
597245 706160
253088 977600
-262704 637239
721100 238275
794654 -158184
-689780 433236
614481 143136
372470 -273228
775892 -2901
402124 732248
433137 -908088
422269 443706
-906944 -101221
-559058 -721291
364352 851840
15
439347 -340367
355403 -945374
277145 165809
279212 -744124
362602 328698
-827078 861051
-543158 238339
768603 929916
142336 475960
-110769 257196
-822709 -772911
-677201 -839024
491808 -617681
860820 449539
502489 -745749
6
-154276 781242
-636375 -1000000
244474 -1000000
294270 -1000000
-537059 -1000000
-545125 -724826
9
569556 -839221
-18547 115098
-442075 386680
-806873 -1000000
-926919 947944
-773300 -1000000
160924 -1000000
4855 -1000000
-117177 -1000000
15
-744210 -107060
510709 259394
-627853 -554465
-603228 -912657
989416 -893400
635559 745712
324268 575249
-553972 -786651
-306728 339158
735383 -595490
-645959 -375338
13421 331422
551460 831637
-314958 44681
-193933 -920805
15
-35361 287436
-573902 794174
-518567 595927
665171 866017
-649825 826506
-654285 -858742
710960 -456737
-875062 -296456
220438 422137
522519 -116687
-879630 -626294
209716 64709
905754 51351
350242 220595
184496 -582591
15
-302477 -739425
-128722 -69577
344448 -693978
542466 894453
352541 -796600
890625 -143147
-996799 412401
285446 878164
-560622 65723
-187392 716229
194688 37600
955766 -471230
-351570 811375
378513 490717
947389 -447378
9
126134 409071
354423 -824602
-407322 -487432
-229000 -350487
-510443 457436
-150997 463580
261334 661767
915355 864735
103019 864735
10
-703863 -655273
-999260 771302
-569560 -569560
-890295 -890295
-969691 501369
40251 281758
-628678 701405
290930 290930
463830 463830
-413365 -413365
4
-372474 -945175
-967880 728887
-37886 1000000
-14403 987325
11
-897335 541070
-811907 -165499
132952 -527975
-46674 500670
-421021 861295
-698091 -507740
911350 -582788
-194392 -305321
951549 -499228
-227073 835735
-927638 615723
8
981185 25430
-595512 25430
194439 25430
-277814 25430
438010 25430
-128767 25430
348809 25430
757170 25430
15
-964205 989830
427603 14616
366680 591856
686312 624805
876670 312930
-237107 352222
-636488 167842
276902 583216
497943 566952
264525 530131
-890945 -833552
-830781 171727
360541 -318112
288646 320104
-541041 -496249
2
-789728 -54725
471687 -167442
10
737497 -847677
-990323 -59097
-568453 350635
-365780 588884
-707294 588884
418326 588884
-331897 -468394
-547910 501674
-920122 -775717
-98911 588884
11
-827244 799506
10780 -3234
237640 -71292
964061 -231560
-630205 511338
223319 401594
885100 -265530
-154010 46203
-822087 646615
-571251 366182
-131971 915580
2
221215 442430
200015 400030
14
247471 56377
511586 501335
137459 107465
-929477 916967
717910 411821
482393 -935213
93270 -530169
-136318 -351335
-990069 -771931
-807960 -905896
-524077 -142362
-195657 538638
666241 -363432
402797 970538
15
629746 815706
491061 -818563
339634 665645
220577 887755
453092 -889849
365701 -684760
68345 382895
-294295 -172911
-28081 883987
-6002 5604
-517909 862353
619709 423736
-775535 -111990
-857883 371575
76379 441088
11
17033 -1000000
444794 -1000000
-705698 -1000000
299501 -1000000
62525 -1000000
-929387 -1000000
-711508 -1000000
-654591 -1000000
733431 -1000000
517799 -1000000
598871 -1000000
7
-55580 -974715
688791 -595500
322561 82694
195721 211238
-482066 500239
-865048 647151
-886223 -732798
15
-101712 -139119
559858 398037
-31841 760304
-864321 -644576
-207436 912410
227538 -955131
149662 873916
-248908 -313928
118614 -618302
35689 53180
844728 -17043
-611322 925411
83908 -299001
-960029 -601985
-235804 59588
5
-402165 -1000000
-489242 -1000000
-77563 -1000000
49456 -1000000
54150 -1000000
8
-428410 -521181
-228043 1000000
988531 466452
-943630 -989256
-769930 190070
999276 1000000
-431495 -646103
653067 1000000
15
835393 -245086
483774 -987334
-697128 171815
-685246 567535
908562 -552251
417989 -582554
-878110 -383082
-113498 707246
724105 -617042
425466 334961
-94632 407006
572928 -415047
-925077 957891
211366 684153
-103489 -918600
4
-855264 -126510
-126050 -713440
-240103 -265565
659009 -203918
15
-965680 85325
-659096 139464
944730 503145
-909733 -399756
628821 -410797
275642 -527867
-431633 -744297
-405645 -317867
-646892 -184708
518767 -132141
-623315 -953691
275622 175831
-52886 369287
818652 -75186
88346 -98943
6
-34430 948597
-973712 989697
688373 -251373
526928 831334
-118030 -848562
-331591 -93693
8
153732 102488
-947700 -631800
18456 12304
-981450 -654300
820800 547200
24528 16352
335250 223500
-825510 -550340
6
-501272 151187
75132 -231612
770187 -168864
622318 -871331
469349 -526672
96562 -390916
13
92041 828369
-298605 -839085
-611816 -574461
56330 506970
7553 67977
-1549 -13941
-750382 484835
-201173 -391525
11648 104832
-734244 722700
-60850 -547650
17756 159804
-21906 672406
2
367882 -388225
-615879 663915
9
626046 -176651
-173559 -1000000
811197 -1000000
47184 -1000000
386649 973615
594914 156815
-312313 -500923
-575148 -1000000
985657 -1000000
13
661734 -996491
221277 73411
-46651 -137994
-977234 485577
543339 -280745
-637721 -615084
225912 -708976
217349 -215900
-803950 53772
689356 662950
-805746 -982732
-667453 521959
-511171 -350627
9
699832 -938442
265183 208551
-177684 849514
696181 -317041
-155139 259336
14654 -307575
58329 338043
-247149 -128773
969376 144727
15
-989761 -880676
-627771 548185
-955121 952072
-945474 -536113
485640 165402
-817241 706220
-920119 607164
-592698 157495
773771 665191
-653876 -250169
112014 280174
-794658 547071
949886 849597
-25348 -278943
-311317 -683063
7
776599 -542461
-876052 -343340
2430 -542461
-193480 397062
702303 -542461
69003 -542461
-789222 430725
11
434575 55681
-312866 55681
738294 55681
655806 55681
-246772 55681
2117 55681
769827 55681
-908231 55681
-717090 55681
666917 55681
-509520 55681
1
-956662 -746525
15
230483 149882
607685 876606
-330678 -251622
-543816 741322
-648321 -153165
-957509 -954481
167308 -890672
367776 -618786
-825847 -372984
197951 -544513
535154 -91585
-373463 994062
396241 -367959
814542 -396606
378443 543645
13
19666 157328
42813 342504
71523 572184
61163 489304
109371 874968
-115977 -927816
36521 292168
7502 60016
57576 460608
11373 90984
-74995 -599960
48452 387616
-76002 -608016
9
-448835 929688
-661798 43272
539329 784453
-224167 -502517
25396 891478
-379612 -792817
955735 883872
61159 -743994
-669783 337792
11
255699 -550336
279511 -532724
95553 361053
396534 788924
-595659 -430985
696806 -937176
-841634 867168
-313598 -978772
727490 -625355
67588 595336
-778288 -884970
12
-236402 -532683
516378 808145
97930 129361
438362 803512
-488334 -325797
858348 -543531
466447 -414482
816486 -850292
-802759 93960
-291415 876400
-565977 -928666
-848455 20879
11
809440 303540
-192312 -72117
933759 322778
-246424 -92409
33400 12525
-879121 -523304
801873 -738937
-507847 -197614
585552 219582
955040 358140
-301408 -113028
7
-415665 759596
1000000 118005
1000000 655731
1000000 -997047
-551767 -578522
1000000 496330
-780113 -284482
13
1000000 -738837
1000000 882398
1000000 49855
1000000 -681578
1000000 -219661
1000000 -83473
1000000 324020
1000000 -62165
1000000 -42462
1000000 -252926
1000000 -506383
1000000 932936
1000000 70060
15
543860 -522533
-645701 -707625
-547271 508877
453955 657650
-694005 -947632
-242587 -679944
-355907 410640
-423257 -275503
-944340 885389
-883921 731740
505445 458074
35509 285429
-573425 -481598
-511402 -379429
-308025 -516063
11
-535245 941735
962793 -534885
-625635 347575
-571383 317435
54207 -30115
299043 -166135
-470405 779272
640710 762774
-224246 835714
252639 -140355
-434313 241285
15
-454138 -420632
936193 -690154
-159747 266719
-439783 828401
-429148 101604
686433 -874195
364814 -659477
-81234 329776
790178 -63067
-544123 593464
-68787 -370555
228578 -657975
384827 -943780
-476615 -852429
950800 -670940
9
-713517 101931
512310 119121
-804881 114983
-550410 78630
759255 -108465
512043 -73149
-176078 25154
289345 -41335
737135 -30423
14
61677 -13706
-691200 153600
653337 -145186
-677016 150448
581175 -129150
873567 -194126
341415 -75870
631305 -140290
-186606 41468
-891990 198220
-749610 166580
-325152 72256
-22365 4970
896328 -199184
8
905148 -805088
824686 -311873
275803 510975
806639 833499
700868 -865574
602134 -483474
-917158 319789
-267913 -606468
15
758186 396735
-443712 -389770
-915095 884876
-855786 23528
-267217 -8309
-537897 450409
309912 596797
-990402 -933607
264496 -270955
-626075 872596
-426888 524806
31922 -20261
434765 -247907
-175062 595604
-900976 -415660
15
913329 -258514
-174612 -391142
418893 226813
191024 218295
929716 -805979
631748 -949775
177623 -775279
-751152 -812999
-485928 269110
-78072 79305
365646 642730
180365 461025
-229145 977176
635060 725597
-252702 565686
2
-289982 -186145
404751 -186145
1
-2075 -740487
9
-133344 -66672
-620304 -934750
-763140 -381570
950154 475077
575669 -28658
546576 273288
715326 357663
-864492 -432246
401555 -347349
1
842709 147066
15
141148 -415603
141148 469373
141148 -262181
141148 340453
141148 -453599
141148 -443752
141148 788936
141148 737406
141148 272380
141148 -873766
141148 298912
141148 735704
141148 829755
141148 426101
141148 771051
9
398206 -469015
827035 689460
279309 499952
949771 -957978
-368382 496938
419484 -353670
-937236 -600465
391622 925224
-382149 -671581
4
-936532 936532
631152 -631152
-23634 23634
-219606 219606
15
418985 859287
-266644 672167
-52070 57373
-340272 151873
-737627 180531
-636386 -447271
-239887 698456
-429434 464673
787080 -575137
-694799 682805
423418 165522
-556366 968895
-994694 -481945
185401 -346126
-438968 163821
15
-305143 383399
433566 433122
476016 724882
257739 503651
-201769 832275
-138711 -799424
545094 845428
-657089 -816189
583884 285828
-931415 -356001
913913 -304789
-883740 881632
-724797 134855
785462 -856445
369216 132079
2
482090 -981117
598841 -981117
9
-830336 -183119
160916 476328
184404 -699542
-15239 -699542
426131 -468731
87634 727492
205050 815372
-792584 -561991
-838149 -392895
15
113144 -42735
606427 -536700
-765419 -721997
-333497 -524931
-37009 510077
802660 314934
327027 -216731
222764 317877
-360975 -415164
927072 19370
237601 863085
-248665 -499379
-190534 -243195
-916828 485529
443834 85597
15
943745 -678669
-92886 -608928
-672874 -33457
771860 439141
-157913 -612339
294647 -496292
-820905 846244
862077 -151590
-252921 498867
-217038 -290882
847157 -249896
985687 -923055
183441 -964160
982449 -289752
-793946 -423196
15
254676 -180846
729186 39558
-24299 296576
23598 -856042
668114 -741935
-697114 653485
-791789 -434705
426709 10033
-577695 -322303
-422447 -809305
-854829 512098
-964138 -446161
-549655 -98377
921733 -929082
-489177 -72941
15
-528619 -383910
-11826 -579462
266362 524160
442245 695918
-520556 -219745
465920 113871
-690780 -562497
178717 1
521073 -71842
-666941 272576
38932 830911
-741470 143400
-787494 997802
200140 359776
373789 -275339
9
-923884 472078
-617787 472078
-45971 472078
-68432 472078
-402204 472078
-367049 472078
-719571 472078
502135 472078
-52339 472078
15
-306634 679016
706591 -685871
123667 653333
-351272 852045
-121270 470018
608140 228010
561820 687762
-579370 -295048
965914 211853
283883 -658181
-531108 -927303
798967 279584
-826590 63173
-126175 -540577
148745 635106
15
-40476 409563
-415396 -362419
-689345 867302
485723 490429
-897132 206380
872222 -371191
-266080 -559432
713866 179633
844194 -947370
-857506 -877127
-594998 245036
217052 -517671
-400961 357494
533219 -954997
-601440 756212
11
461190 675706
-6304 -457012
-531831 705161
-173815 306362
427210 -787840
-434312 -921421
154652 567784
947452 257676
976181 716552
874560 536633
-828135 -155264
15
-635783 -110574
500812 -955051
-810058 788921
246763 -4134
-811247 -612116
-880731 -289012
-885377 8899
118001 728587
738485 -779308
595290 496138
-447566 972290
553074 -233432
-833814 -284791
247215 17893
-274928 486208
5
-978262 -1000000
-389286 -1000000
-337356 -1000000
-422564 -1000000
56850 -1000000
8
-281945 509586
370964 612468
13392 -2232
288642 727017
-717355 799225
-46757 569699
-950346 818220
437148 -72858
2
357255 -829846
-227046 -447979
6
964946 833857
-129352 554273
994085 -59187
-25308 -774047
-71491 -360657
-407173 -680817
3
782436 -1000000
-483492 -1000000
267356 -1000000
9
-926135 1000000
104234 1000000
-467525 1000000
778424 1000000
4420 1000000
929035 1000000
637504 1000000
130352 1000000
-160007 1000000
12
-129130 -165250
-168135 -444448
-858089 -775457
-796024 -708894
-107539 -823179
464967 -165250
947253 -996101
-356487 -207886
140437 -647208
-65724 -165250
-149508 -849552
-692202 -165250
9
533059 -69633
158510 -408105
-901457 661522
-778651 -247070
106922 540433
586079 -432454
301972 33701
-364493 -532496
561432 -413708
15
-148475 -922262
-200629 816689
573174 -101429
339520 848704
-418495 -287051
-174933 317341
835308 550528
576124 599301
552116 286913
-172390 919610
-378947 330818
755127 -778099
-702965 -521903
834555 -10980
40072 623784
4
988715 -564980
-726383 415076
-988645 564940
-257565 147180
12
412707 761515
-490048 761515
42030 761515
804366 761515
-570835 761515
-822519 761515
629572 761515
575927 761515
-403725 761515
496356 761515
48424 761515
-786024 761515
