Case #1:
0
0
0
0
1
Case #2:
0
0
0
1
2
2
2
0
0
2
0
0
Case #3:
0
2
0
2
3
0
0
2
2
1
Case #4:
0
0
3
2
0
1
2
3
Case #5:
3
0
1
3
2
6
4
1
4
6
7
2
5
0
5
Case #6:
0
0
0
Case #7:
4
0
1
4
1
0
0
0
3
0
2
3
1
1
0
Case #8:
3
2
2
0
0
1
0
0
3
1
Case #9:
1
3
2
3
0
0
3
0
2
2
3
0
1
0
0
Case #10:
1
0
3
3
1
2
0
0
4
0
1
0
0
2
0
Case #11:
6
0
1
1
4
7
4
5
6
3
2
5
2
3
0
Case #12:
1
0
1
0
Case #13:
0
1
1
0
0
Case #14:
1
3
0
1
5
0
2
2
0
0
0
3
1
0
1
Case #15:
0
0
Case #16:
0
2
0
0
0
1
3
0
1
4
1
0
5
1
3
Case #17:
0
5
0
4
2
0
0
1
0
3
3
1
1
2
0
Case #18:
0
Case #19:
2
1
0
0
0
5
3
2
0
0
0
2
2
1
3
Case #20:
5
3
1
2
0
0
0
0
3
1
0
6
5
0
0
Case #21:
2
5
3
1
3
0
3
0
0
0
0
0
1
0
Case #22:
0
0
1
0
Case #23:
1
0
0
2
0
0
0
1
1
2
Case #24:
1
4
2
1
0
1
1
0
0
0
3
2
0
0
1
Case #25:
1
0
2
2
1
0
3
Case #26:
0
4
0
1
0
0
1
0
2
3
0
1
2
Case #27:
0
0
0
0
2
0
0
0
0
2
2
5
1
3
Case #28:
0
Case #29:
1
4
1
4
1
0
2
0
4
0
3
0
0
0
3
Case #30:
0
0
Case #31:
0
Case #32:
1
0
0
1
Case #33:
2
0
3
2
0
0
3
1
1
Case #34:
0
0
Case #35:
0
0
Case #36:
2
0
1
0
1
5
4
0
0
0
1
2
0
2
4
Case #37:
2
4
0
5
5
4
2
0
3
3
1
1
Case #38:
1
1
2
0
0
0
5
0
2
1
1
Case #39:
0
1
1
4
0
0
4
0
0
2
1
0
2
1
2
Case #40:
3
1
3
0
2
2
5
4
0
4
1
Case #41:
0
2
0
0
3
2
5
2
5
0
0
0
1
0
2
Case #42:
1
0
0
Case #43:
3
0
0
2
0
0
1
4
3
Case #44:
0
3
0
4
2
2
0
1
1
1
1
3
Case #45:
2
0
0
0
1
0
Case #46:
0
1
0
Case #47:
2
3
0
2
6
0
5
4
1
1
5
3
4
Case #48:
1
1
3
4
3
0
0
0
0
1
6
2
0
1
1
Case #49:
0
Case #50:
0
4
0
1
1
2
0
1
3
0
2
2
0
0
2
Case #51:
3
1
0
1
4
7
5
2
6
2
4
3
0
6
5
Case #52:
0
0
0
3
2
0
1
1
2
0
1
3
Case #53:
1
0
1
0
2
0
2
3
0
1
5
0
0
2
3
Case #54:
2
0
0
1
0
3
1
0
Case #55:
0
1
0
Case #56:
0
0
Case #57:
1
0
0
0
0
1
0
Case #58:
4
1
5
0
0
1
0
0
2
0
0
1
0
2
2
Case #59:
2
1
2
0
0
2
1
4
0
0
1
1
2
0
5
Case #60:
1
2
3
4
6
4
1
0
5
3
5
2
6
0
Case #61:
0
2
1
0
1
Case #62:
3
0
2
2
1
0
0
1
2
5
0
1
0
2
1
Case #63:
0
2
0
4
0
1
1
0
3
0
2
Case #64:
0
0
1
Case #65:
4
2
4
1
3
0
2
3
1
0
Case #66:
1
2
0
0
2
3
1
3
4
4
5
Case #67:
4
0
4
0
4
0
1
3
4
1
0
0
2
1
1
Case #68:
0
3
1
2
0
0
1
0
0
0
2
Case #69:
0
Case #70:
0
0
1
0
0
0
Case #71:
1
3
1
0
4
0
0
1
2
3
0
Case #72:
0
0
1
Case #73:
0
0
0
3
0
2
1
1
4
3
0
0
1
0
0
Case #74:
0
1
0
0
3
1
1
2
0
5
4
4
0
0
1
Case #75:
1
0
0
1
2
0
0
1
0
4
0
0
3
Case #76:
0
0
Case #77:
5
1
0
4
4
3
2
5
6
1
2
3
0
Case #78:
0
1
0
1
0
0
2
0
Case #79:
5
0
0
0
0
4
2
1
0
0
1
1
3
2
0
Case #80:
1
1
3
0
0
2
1
0
Case #81:
7
5
3
3
6
1
2
0
2
5
4
1
6
4
0
Case #82:
0
0
Case #83:
0
0
0
1
0
3
2
2
2
1
0
Case #84:
1
0
1
0
0
1
0
Case #85:
0
0
3
0
1
2
2
0
1
0
4
0
Case #86:
1
0
2
0
3
2
0
Case #87:
0
3
3
4
1
6
4
2
5
0
1
2
5
Case #88:
0
1
3
0
0
0
0
1
2
1
Case #89:
5
0
0
0
2
1
0
0
0
6
2
0
2
0
0
Case #90:
0
2
0
0
1
0
Case #91:
0
0
2
3
3
0
1
0
Case #92:
3
5
0
3
0
1
0
2
6
0
0
0
0
0
2
Case #93:
1
0
0
3
3
2
0
2
0
0
0
0
Case #94:
1
3
4
1
0
0
0
3
1
1
2
0
0
Case #95:
0
0
Case #96:
1
1
0
0
4
0
5
1
1
0
0
0
0
5
0
Case #97:
0
2
2
1
0
1
Case #98:
2
3
0
1
0
0
0
1
0
1
1
1
0
2
3
Case #99:
1
5
2
0
4
3
0
4
2
3
1
Case #100:
0
1
0
2
0
0
0
3
