100
2
287 1 158373632
35 1 558388483
2
34 1 10052958
254 1 785261208
2
66 1 700519371
30 1 47458612
2
85 1 53021415
221 1 489834484
2
137 1 179846054
25 1 604605546
2
292 1 360249157
9 1 678916926
2
234 1 374156391
271 1 500768405
2
112 1 8668049
326 1 575215160
2
201 1 203024130
250 1 256096857
2
110 1 1000000000
24 1 520138337
2
244 1 782066260
220 1 49851223
2
131 1 273742600
126 1 4322740
2
241 1 193858258
144 1 728860724
2
180 1 1
180 1 100000
2
315 1 973838566
229 1 314587962
2
190 1 79252956
282 1 621749346
2
71 1 510831561
18 1 902695180
2
17 1 63872541
79 1 347311792
2
38 1 511124059
188 1 354535707
2
303 1 45011991
51 1 459599833
2
219 1 510199377
156 1 423991068
2
166 1 484483638
187 1 553125170
2
136 1 200371597
36 1 415944808
2
140 1 667692197
131 1 20123574
2
262 1 670301503
334 1 116306372
2
59 1 674164104
174 1 64582375
2
305 1 453215956
100 1 166190507
1
180 2 1
2
65 1 20335651
92 1 775039415
2
309 1 929260926
71 1 954697067
2
338 1 694399803
189 1 525606607
2
356 1 400000000
51 1 471197411
2
34 1 268407803
249 1 907798931
2
144 1 289246228
65 1 694240429
2
75 1 905906349
76 1 317213752
2
142 1 229277495
154 1 735554223
2
74 1 413298298
285 1 419511194
2
28 1 504115338
40 1 916283801
2
74 1 156861387
77 1 142872609
2
269 1 31027432
111 1 682511457
2
288 1 656819343
275 1 117155733
2
290 1 269936264
140 1 880447553
2
182 1 142248763
80 1 158051776
2
159 1 481008040
283 1 25702412
2
7 1 864271811
160 1 690944752
2
317 1 333156248
250 1 229190632
2
74 1 119391908
257 1 266499076
2
354 1 163888470
236 1 689236062
2
193 1 221548861
70 1 303156502
2
173 1 556328143
44 1 695859973
2
290 1 571914866
309 1 959611677
2
112 1 109331387
86 1 140205889
2
110 1 938891523
21 1 617770763
2
239 1 559751601
172 1 70591635
2
92 1 747271837
254 1 955276950
2
266 1 772025253
201 1 602215276
2
219 1 927567920
333 1 811116393
2
183 1 186873142
171 1 340242052
2
359 1 40000
157 1 71133
2
176 1 684898983
175 1 16722761
2
195 1 12069225
305 1 997351505
2
332 1 708299734
161 1 329772027
2
17 1 137999486
22 1 424535346
2
176 1 712354829
114 1 126865065
2
20 1 725129215
172 1 370605596
2
120 1 948320856
328 1 312692416
2
77 1 110149364
85 1 836505065
2
70 1 829009444
299 1 184916793
2
340 1 65053164
118 1 389774455
2
252 1 788823438
138 1 939980838
2
48 1 591909891
283 1 113669658
2
309 1 128265900
264 1 87540071
2
222 1 823560105
287 1 465260026
2
313 1 955399588
110 1 690770949
2
34 1 377409787
170 1 40726562
2
333 1 45456784
68 1 928778885
2
266 1 563140981
113 1 423370313
2
350 1 735223734
201 1 320043896
2
106 1 940396351
120 1 626338949
2
348 1 795906300
186 1 747359862
2
348 1 548994339
66 1 810382487
2
178 1 538170143
204 1 424605917
2
101 1 678551741
224 1 720372047
2
126 1 609660991
38 1 735618291
2
29 1 82540347
76 1 419144543
2
154 1 50781627
104 1 814945585
2
180 1 30
180 1 10
2
227 1 49330386
92 1 424111520
2
179 1 266026991
344 1 129709978
2
314 1 334788890
283 1 861886164
2
67 1 526996734
354 1 644581809
2
77 1 537170948
161 1 976152808
2
48 1 721982210
161 1 632556637
2
308 1 607832683
131 1 802928113
2
197 1 42329518
40 1 690391216
2
6 1 196137512
203 1 179406246
2
93 1 118074012
243 1 508491052
2
64 1 845148782
199 1 770568043
2
46 1 778656010
16 1 785794381
2
224 1 700636809
54 1 396352252
